2025-01-16 09:24:37.431635
205
60
15
39.92
2025-01-16 09:32:12.705389, 185, 50, 14, 24.09
2025-01-16, 20, 12, 11, 0.04
2025-01-16, 205, 60, 15, 39.92
2025-01-16, 205, 60, 15, 39.92
2025-01-16, 205, 50, 15, 31.92
2025-01-16, 205, 60, 15, 39.92
6414510659
2025-01-16, 205, 60, 15, 39.92
6414510659
2025-01-16, 205, 60, 15, 39.92, 6414510659
2025-01-16, 205, 60, 15, 39.92, 
6414510659
2025-01-16, 205, 60, 15, 39.92, 6414510659
2025-01-16, 205, 60, 15, 39.92, 6414510659
2025-01-16, 205, 60, 15, 39.92, 
